X: 11,-45
Y: 0,-68
Z: 41,-27

X: -7,-42  Y: -40,-76  Z: 91,83

X: -9,-46  Y: -30,-67  Z: 94,70
X: -8,-46  Y: -21,-82  Z: 94,31

X: -7,-42  Y: -29,-92  Z: 93,26



X: -10.09,-47.18  Y: -31.09,-67.45  Z: 95.31,90.51
X: -9.73,-47.18  Y: -23.55,-78.55  Z: 95.31,33.67

>> X: -10.09,-47.18  Y: -31.09,-67.45  Z: 95.31,33.67



-39.36,-77.00  Y: -16.73,-47.73

X: -37.82,-77.00  Y: -7.64,-47.82  Z: 102.35,37.04


X: 40.14,-122.96  Y: 57.14,-119.49  Z: 133.27,119.08
X: 45.07,-144.62  Y: 59.09,-119.49  Z: 134.18,108.47


-80.05, 6.64
-83.72, 0.40
-10.71, 60.82

-70.91 -12.45
-68.82 -8.73
-13.67 61.02



















































































































































